66086668315
618963108858
014216561101
41432848723
047610948186
979311080419
880198100111
528791087820
83744633334
143863081044
76893376006
2032101210435
18057410101007
4610421068824
70054724133
086589181048
71108102210422
256700774103
04246342991
80562642133
8109100923935
0061023104386
61110436902
84407863837
24567302592
74554643437
837031027446
118429659109
19927478297
8210658008107
07615716401
08441547977
921010872101065
830652681052
100838433601
611091001051087
7104142909104
010905369373
733291025613
19646435531
290310848669
78042999990
4609106139410
435293610081
5975225510710
87479183265
174888810052
7641093451047
733061029985
11041168101049
07600942873
091032516603
010523522802
83750727601
390898410243
446410212969
43981690395
1008710657279
83268345691
10265626711
87850709955
81097849001010
280591410085
472847869910
191091527225
359767102471
0769291051015
307181072105
927746501020
249086021066
1053109967950
906810253441
8631083107997
32303885439
348880721044
36790305618
56812119847
21033192422
979109368636
6781065991079
7051051835109
102109410971057
176108827356
403472141061
36099055820
85693773339
023507510653
22288389389
68885299918
16999338797
27930739995
1053104800343
2028982671010
461075352608
44550192825
107735655649
743063417010
3104210197847
133108464651
510596497824
107719291081
2110710430932
3151140110108
3101001557015
38602349377
8109603103941
08999747379
97606562257
13166557604
738408110869
70561145038
448065100416
22201004100108
51475052921
9612109241059
597104605543
610125668715
8174310244110
106306102531010
10102229710351
425109246617
43193279583
005441101081010
643711064630
188108637794
103225745720
0378988101003
831308161810
89721811088
466126113610
463897766110
211301071548
1081014296325
1017743786101
32974522084
900811056925
10101895771092
70386815406
61878941783
250108370511
03928112735
15716730331
2110049421021
37381641303
517311102931
904810941071
014471214410
55314936839
293781098333
051102048769
703105696137
80924293487
610967327999
02953991462
05089769490
94406205356
6999875110100
91010918210043
106081574416
237291591072
515223121103
85100436705
955610050756
12005143023
79660715344
643777410478
128710664540
86680142557
7912109262108
440100503935
015398110823
223310914558
4724701010409
23846014481
25078250129
096708577610
214633631063
5700109100793
78045467580
44956406921
78826518974
910224551860
626329710336
0510102637432
793793710588
83052683716
73149578573
717210804665
5248310279510
179771088362
049057528102
17810123610100
71039108531810
71122277671
1005610724399
05592118701
92759175275
5102108410820
143641054043
11140654774
32269148976
281810095997
1007881069691
9928107010297
6105310151167
97103010511107
1054691134109
52085415729
23209241558
470810961197
17070722679
93585641062
1010911388328
79103064861010
7102564711061
93988633259
81164484077
72623607734
9462610871010
021110122584
28333188509
110549420068
431153100779
44844036895
74131897955
76650931266
644449210726
105254367607
7104953821045
55374628142
19639092262
5902410910828
68105437210100
427110128396
75606124537
5382750101510
849622844104
08286987120
99995842087
02622639034
1099010162643
77802932036
1081698801092
11327202216
1031271647010
995362101940
43006909564
4441081098725
719865757010
159107607114
018810596521
959551721008
310032978226
52594312302
36223471304
29656587199
288108601896
837703372310
56618666058
45256239691
301066948563
963033191210
95544993696
415110653553
67887114351
09034317423
30981545486
36273178014
1100735310858
891066476241
360367102942
151065941149
16375258774
492888102204
21100184109410
84412791674
991405108064
026534493108
44411208500
55524371009
56440356519
75647429917
2483021064810
56107791081042
9810441010042
335151035346
10108411078450
851086270461
97469363097
010863463315
853669591065
507107213570
341110905514
07226069210
410143020690
2111061008051
102241210873
210291873881
93039509271
482692110880
104762783710
59783978035
103575253457
60880164909
557318511017
0921098310724
5410341041356
11106100102913
672548461410
3673104564102
0681010553923
13463981155
95310110461046
30105772554
865185110297
226104022688
69420247121
186010519722
52712378012
14839240263
210911714832
79697386242
35410105310492
1053310571029
45209751951
5010671810073
848109739996
25991653950
108610310221068
0103310021592
884810604966
68775455059
12712902469
69840598323
502465204610
270767731068
1026569610847
25745380386
67291197054
97517035953
3111777109510
84375491992
641810597638
06573190526
81310116032
686631108272
104933008969
100121625661
9106938108784
90691349103
60074799111
7327810810385
51771603205
533473856310
591062277378
563729710356
03869718719
349861107618
811092322667
103963761845
174353581004
515466866104
2310431510833
93791434572
535224103334
599105394203
50386486411
78432742324
854989660110
02759368044
41028521071020
671015152126
10010153531057
262780079105
267757106179
50691085105107
305798369210
82814015071
471071101676
74864456997
104702822265
410463377658
591025915786
66810367391
30011720373
01943710438
866590285510
281039533598
40600888282
076710715594
032406410778
1049951090218
1068510154573
407851971084
844187810852
88319238026
246758510786
281072870837
210073411950
10520107281011
097100267917
67951076070
5610939103166
44386354108
4901891071043
82029454285
7212541010510
01367130315
258138131051
6710010258005
66269274603
830026108827
043824203410
81255217278
5626721023510
38010172102710
55251850453
7911103106131
71605962186
499438301068
925310398703
810416101710104
4629801081015
343667567106
7110511909710
42368621309
830310704555
514369105028
59709773432
0031074106051
00442806526
458629104237
5072816109109
66243982528
71052421031047
108762556319
50696515069
11059871010713
39671714454
31921193928
311100155510
3105472210310
10310301891045
410964011119
645123946103
1029102528313
440776810238
10561007737102
28814121414
081436310109
323486508710
623154330106
11153642459
559910417182
95124329476
37108105710292
710946568235
116671026470
587043251066
53837411041
62784537885
61069610161101
001025650121
39093850520
41900419064
149647084103
89869805007
32769727982
31044710105639
5021000105342
1500883104610
941014528248
6991015910999
887161035686
0077109331077
81175004032
611088870969
931030935537
30053434691
510442976298
65002289910
8810225703010
00181043465
1173102710101
54398860347
100631262064
752109675490
63591988577
75432749888
71522475503
83539757847
114051077506
649331410127
011770210616
65110108101089
71232227932
57026988275
45211052101027
7641023810695
822102580494
1062699610880
06251171892
247690264210
425942283103
108549683741
61803948093
71968519094
0185101009661
104806470710
552240210474
103923633439
657724122103
3109981076550
569101632416
986610840127
36488397055
70101010945320
345218401075
661046606354
6991030101872
5321040107678
08503894750
1091041265679
300109456419
8991031108108
00830813946
344743901031
31105450102106
224921041941
5103103455428
20251554018
66495027159
110194915711
183751025737
8890106531010
3108081461011
1686104108749
88543513941
341006182055
0106411023843
100369513217
1606410510039
9103802211017
96532204776
32792648197
105648523141
21608350152
6294312091010
02619946710
62205407375
918410428457
503064010916
391776104126
51529800103
604912859410
938863410060
245801006735
99355468182
882269164210
77693252483
31891807370
1131087107844
11057461062108
83359105107101
49096579318
7229846107710
910869595845
549921030614
799728708109
7220794100210
9810105497506
22961460512
720585473610
98030317727
78395037396
381001023758
000329611016
9184989841010
210066078031
6786210710018
687821030072
4110105207499
3136105649109
101315101051010
710907941729
21359800503
26601452722
1050090370105
329610002572
41985134668
3110110218873
108110581107101
50849994497
60850200770
263761011779
332303101642
996893109441
4276610104423
106459656547
67891315227
10465044102105
32461067958
76009567535
19846305321
910420089561
67106476610
014310485622
068101050978
1051046085170
57863234239
715051094811
208168241068
7519681026110
020810932846
362940910128
10337398102106
36266549994
906230931064
187584110609
3510310682157
74120786724
18767508740
109427291856
33146785017
1007824231036
275103226262
65268417399
88582745046
7478658610109
810033421880
3105050210140
2510219261045
159303391080
42857347239
107722442324
108852130441
101081026910101
710469858733
910831434070
185760410400
10107590410914
78505453191
755971032659
31059749951010
502218821053
010111271629
579296109325
93639368178
33853957346
82909678804
8596107991018
47054119626
578225163106
105293962341
69241081089108
3111009071005
40358602922
16105502290
050732865107
510387739191
868119916510
750883693010
50151416029
4102432693710
68066862736
31106104102779
26760914358
862064108105
514104794358
3921010761011
109707915046
910807075423
04136320397
9101103074110
50623992243
710072672083
1583101020653
34857863012
33555880358
253171090364
644710110945
454341007405
97851839177
35843644365
644950910263
0710100119497
4364101082596
5610086755108
95177321858
806010821069
394068100682
6104110704876
99156504283
25937874701
1030107101121
156751081993
61524841745
7911041050310
6910810171276
54589728566
1817581008610
47435974787
604611581038
84283783235
1362131410102
11758225687
4321101510027
967385106337
41088107023101
901014239679
831096633803
196240100083
810683382101
74363496567
10101091294739
106268326106
393421810688
74126429859
319041055798
164878510385
0521410010489
83184010101033
05570668587
1042089600105
3258410104040
153741041761
622113551035
410219877678
77240086528
19636852677
51101022610877
45564775861
69787015329
917608161010
959151017235
10701071033444
641089939778
539369510891
72976918109
109854367732
981070731453
77064004602
1086294910174
109669879505
57555801923
884511055366
1301101050067
03210739366
9158103110314
80508389171
967221251093
1025910619647
48356872149
544821108463
102417034206
85000641547
82612780811
4992103147010
9974210494810
977692161078
522971056508
610580304744
030251048145
99108456106105
74857648818
73228986254
1810440284510
310418593331
28559101210
22215448726
182578841010
151003354636
7099102591060
13896911869
87915792666
0005101010101071
468758100943
7930311035310
10853304510010
663910488346
7531069337106
749791056578
1105841085792
1043104462847
50522524260
314709052110
280110101082310
17555442543
621653737110
674910167478
842163210548
99158692049
54465961698
879455741085
641004214265
200141104472
527108038651
82676241326
8112313108210
983610706900
71030220635
048201025139
601796110679
2751071086787
029107286687
02149210051010
55379898179
3251061030125
69235227241
33067806893
07108891203
6415100044210
523794910718
0061005541073
8922310301710
1010655934463
406261912105
72275831017
580606223100
33241606460
561043698137
101530850294
89682240102
391660510576
578969735108
101794360114
495591051652
728592921098
9990101077197
21501950318
03555323841
0261058101442
2221003510226
890022168210
210273516658
210695676547
280530278109
060413460106
31518852395
4656910105073
528822109579
108460757414
10710926881082
78864182103
31431084055
58435000690
624301458910
58378760890
31916001667
7581100109012
103970046131
13398149473
410157489088
98629404283
242565456107
58760172151
950214821001
1038103376179
310045103719
11535954713
82084945872
496381371510
18762532405
688318799109
145108151023
834947151063
159731020560
43660529010
524103101082
491911010101032
1728644851010
105143667328
66736513566
87806380402
61983048588
45617728345
216061044344
647145511001
106639003226
530972108675
91783595273
2102999403108
54594069808
22394864400
40875731080
101713319107
69800656238
521090979884
1074806874710
499595391108
64967031688
100010464101089
010869537286
7414710696010
255505520105
49818373772
803910789400
877287680107
43183457006
10406108386110
18227787510
397103658388
880387793110
786475104161
157861022719
33782296615
65268704924
106273083552
1085211088685
16164286083
45141028411010
1007105424844
020073910978
6328107106429
050100371245
0745921910
010111177250
1810161053315
936533101888
8107107432676
30543026436
356317351020
744004897108
59111559
61165290191
89387824258
5511010798894
91050231062110
583358638100
1847090
5520101084184
108851874536
169520510300
451109866901
7798463
8162386101105
33593031361
464398110801
136129717
1210110801799
1093878884101
06299652
81095091010272
1426357793
72573915593
557209198
59709778354
44789966760
1102236141
510801134091
764053910
76297990982
1675010901082
410943801
923589863110
901108156238
108946089103
31061010342071
011064814333
647108066581
410891780066
623265847108
08736360706
9000185909
84137410681
44308280973
716852526102
67075237804
009679400100
504939208102
09555358
2901090482109
3814069
1010648615187
3101029986764
2711051751
442102746584
107336590656
104115455634
8077593
1090320345210
31210651102
104811460188
1069101320416
56622044573
7107673100348
5014097337
9171027551024
9826102179
100098105236
108234009633
68224025430
20590821153
317385340
841066484175
43877151406
788010130356
764675949
16195893350
126101597392
759628310441
646841026003
231097753403
30282359202
5856871210
0119108791103
631919639
10784110520
9107121016498
34662010256
3598103468910
744699310009
1074040431022
328383615210
33974261202
8055994642
3360503784
6280391001910
3856806106105
1007542102964
103862692267
0030893710810
42521725558
86970120870
340105137210
641017000659
456748976101
634602901
16669955581
92060234754
41066105492
1098492131047
5505104101605
21834276775
845610845031
48929303
75450064617
772755261043
105749056604
17485602551